0.000000 1.000000
0.087156 0.996195
0.173648 0.984808
0.258819 0.965926
0.342020 0.939693
0.422618 0.906308
0.500000 0.866025
0.573576 0.819152
0.642788 0.766044
0.707107 0.707107
0.766044 0.642788
0.819152 0.573576
0.866025 0.500000
0.906308 0.422618
0.939693 0.342020
0.965926 0.258819
0.984808 0.173648
0.996195 0.087156
1.000000 0.000000
0.996195 -0.087156
0.984808 -0.173648
0.965926 -0.258819
0.939693 -0.342020
0.906308 -0.422618
0.866025 -0.500000
0.819152 -0.573576
0.766044 -0.642788
0.707107 -0.707107
0.642788 -0.766044
0.573576 -0.819152
0.500000 -0.866025
0.422618 -0.906308
0.342020 -0.939693
0.258819 -0.965926
0.173648 -0.984808
0.087156 -0.996195
0.000000 -1.000000
-0.087156 -0.996195
-0.173648 -0.984808
-0.258819 -0.965926
-0.342020 -0.939693
-0.422618 -0.906308
-0.500000 -0.866025
-0.573576 -0.819152
-0.642788 -0.766044
-0.707107 -0.707107
-0.766044 -0.642788
-0.819152 -0.573576
-0.866025 -0.500000
-0.906308 -0.422618
-0.939693 -0.342020
-0.965926 -0.258819
-0.984808 -0.173648
-0.996195 -0.087156
-1.000000 -0.000000
-0.996195 0.087156
-0.984808 0.173648
-0.965926 0.258819
-0.939693 0.342020
-0.906308 0.422618
-0.866025 0.500000
-0.819152 0.573576
-0.766044 0.642788
-0.707107 0.707107
-0.642788 0.766044
-0.573576 0.819152
-0.500000 0.866025
-0.422618 0.906308
-0.342020 0.939693
-0.258819 0.965926
-0.173648 0.984808
-0.087156 0.996195
