0.000000 1.000000
0.156434 0.987688
0.309017 0.951057
0.453990 0.891007
0.587785 0.809017
0.707107 0.707107
0.809017 0.587785
0.891007 0.453990
0.951057 0.309017
0.987688 0.156434
1.000000 0.000000
0.987688 -0.156434
0.951057 -0.309017
0.891007 -0.453990
0.809017 -0.587785
0.707107 -0.707107
0.587785 -0.809017
0.453990 -0.891007
0.309017 -0.951057
0.156434 -0.987688
0.000000 -1.000000
-0.156434 -0.987688
-0.309017 -0.951057
-0.453990 -0.891007
-0.587785 -0.809017
-0.707107 -0.707107
-0.809017 -0.587785
-0.891007 -0.453990
-0.951057 -0.309017
-0.987688 -0.156434
-1.000000 -0.000000
-0.987688 0.156434
-0.951057 0.309017
-0.891007 0.453990
-0.809017 0.587785
-0.707107 0.707107
-0.587785 0.809017
-0.453990 0.891007
-0.309017 0.951057
-0.156434 0.987688
